 1.000000-5 3.79390400 1.090516-5 3.79390400 1.176413-5 3.79390400 825 3  2    4
 1.257105-5 3.79390400 1.332237-5 3.79390400 1.474673-5 3.79390400 825 3  2    5
 1.591407-5 3.79390400 1.684983-5 3.79390400 1.835751-5 3.79390400 825 3  2    6
 2.000000-5 3.79390400 2.181024-5 3.79390400 2.352810-5 3.79390400 825 3  2    7
 2.514186-5 3.79390400 2.664444-5 3.79390400 2.949314-5 3.79390400 825 3  2    8
 3.182781-5 3.79390400 3.369931-5 3.79390400 3.671479-5 3.79390400 825 3  2    9
 4.000000-5 3.79390400 4.362039-5 3.79390400 4.705604-5 3.79390400 825 3  2   10
 5.028349-5 3.79390400 5.328858-5 3.79390400 5.898596-5 3.79390400 825 3  2   11
 6.365529-5 3.79390400 6.739828-5 3.79390400 7.342935-5 3.79390400 825 3  2   12
 8.000000-5 3.79390400 8.458977-5 3.79390400 9.197275-5 3.79390400 825 3  2   13
 1.000000-4 3.79390400 1.090516-4 3.79390400 1.176413-4 3.79390400 825 3  2   14
 1.257105-4 3.79390400 1.332237-4 3.79390400 1.474673-4 3.79390400 825 3  2   15
 1.591407-4 3.79390400 1.684983-4 3.79390400 1.835751-4 3.79390400 825 3  2   16
 2.000000-4 3.79390400 2.181024-4 3.79390400 2.352810-4 3.79390400 825 3  2   17
 2.514186-4 3.79390400 2.664444-4 3.79390400 2.949314-4 3.79390400 825 3  2   18
 3.182781-4 3.79390400 3.369931-4 3.79390400 3.671479-4 3.79390400 825 3  2   19
 4.000000-4 3.79390400 4.362039-4 3.79390400 4.705604-4 3.79390400 825 3  2   20
 5.028349-4 3.79390400 5.328858-4 3.79390400 5.898596-4 3.79390400 825 3  2   21
 6.365529-4 3.79390400 6.739828-4 3.79390400 7.342935-4 3.79390400 825 3  2   22
 8.000000-4 3.79390400 8.458977-4 3.79390400 9.197275-4 3.79390400 825 3  2   23
 .001000000 3.79390400 .001090509 3.79390400 .001176399 3.79390400 825 3  2   24
 .001257084 3.79390400 .001332210 3.79390400 .001474644 3.79390400 825 3  2   25
 .001591377 3.79390400 .001684952 3.79390400 .001835730 3.79390400 825 3  2   26
 .002000000 3.79390400 .002181016 3.79390400 .002352796 3.79390400 825 3  2   27
 .002514165 3.79390400 .002664417 3.79390400 .002949285 3.79390400 825 3  2   28
 .003182751 3.79390400 .003369901 3.79390400 .003671458 3.79390400 825 3  2   29
 .004000000 3.79390400 .004362032 3.79390400 .004705590 3.79390400 825 3  2   30
 .005028328 3.79390400 .005328831 3.79390400 .005898567 3.79390400 825 3  2   31
 .006365499 3.79390400 .006739798 3.79390400 .007342914 3.79390400 825 3  2   32
 .008000000 3.79390400 .008458971 3.79390400 .009197267 3.79390400 825 3  2   33
 .010000000 3.79390400 .010905078 3.79390400 .011763971 3.79390400 825 3  2   34
 .012570817 3.79390400 .013322074 3.79390400 .014746413 3.79390400 825 3  2   35
 .015913742 3.79390400 .016849490 3.79390400 .018357282 3.79390400 825 3  2   36
 .020000000 3.79390400 .021210585 3.79390400 .023165229 3.79390400 825 3  2   37
 .025300000 3.79390400 .027589847 3.79390400 .029762845 3.79390400 825 3  2   38
 .031804163 3.79390400 .033704842 3.79390400 .037308420 3.79390400 825 3  2   39
 .040261763 3.79390400 .042629204 3.79390400 .046443921 3.79390400 825 3  2   40
 .050600000 3.79390400 .055097477 3.79390400 .059359502 3.79390400 825 3  2   41
 .063358367 3.79390400 .067077750 3.79390400 .074119737 3.79390400 825 3  2   42
 .079882271 3.79390400 .084496322 3.79390400 .091921882 3.79390400 825 3  2   43
 .100000000 3.79390400 .109050774 3.79390398 .117639701 3.79390396 825 3  2   44
 .125708147 3.79390394 .133220712 3.79390393 .147464103 3.79390389 825 3  2   45
 .159137392 3.79390387 .168494868 3.79390385 .183572802 3.79390381 825 3  2   46
 .200000000 3.79390378 .218101547 3.79390374 .235279400 3.79390370 825 3  2   47
 .251416292 3.79390366 .266441420 3.79390363 .294928202 3.79390357 825 3  2   48
 .318274780 3.79390351 .336989732 3.79390347 .367145602 3.79390341 825 3  2   49
 .400000000 3.79390333 .436203094 3.79390325 .470558798 3.79390318 825 3  2   50
 .502832581 3.79390310 .532882837 3.79390304 .589856401 3.79390291 825 3  2   51
 .636549557 3.79390281 .673979461 3.79390272 .734291202 3.79390259 825 3  2   52
 .800000000 3.79390244 .845897011 3.79390234 .919726597 3.79390218 825 3  2   53
 1.00000000 3.79390200 1.09050774 3.79390180 1.17639701 3.79390161 825 3  2   54
 1.25708147 3.79390143 1.33220712 3.79390126 1.47464103 3.79390095 825 3  2   55
 1.59137392 3.79390069 1.68494868 3.79390048 1.83572802 3.79390014 825 3  2   56
 2.00000000 3.79389978 2.18101547 3.79389938 2.35279400 3.79389899 825 3  2   57
 2.51416292 3.79389864 2.66441420 3.79389830 2.94928202 3.79389767 825 3  2   58
 3.18274780 3.79389715 3.36989732 3.79389673 3.67145602 3.79389606 825 3  2   59
 4.00000000 3.79389533 4.36203094 3.79389453 4.70558798 3.79389377 825 3  2   60
 5.02832581 3.79389305 5.32882837 3.79389238 5.89856401 3.79389111 825 3  2   61
 6.36549556 3.79389008 6.73979461 3.79388924 7.34291202 3.79388790 825 3  2   62
 8.00000000 3.79388644 8.45897011 3.79388542 9.19726597 3.79388378 825 3  2   63
 10.0000000 3.79388200 10.9050774 3.79387997 11.7639701 3.79387804 825 3  2   64
 12.5708147 3.79387623 13.3220711 3.79387454 14.7464103 3.79387135 825 3  2   65
 15.9137392 3.79386873 16.8494868 3.79386663 18.3572802 3.79386324 825 3  2   66
 20.0000000 3.79385956 21.8101547 3.79385549 23.5279400 3.79385164 825 3  2   67
 25.1416292 3.79384802 28.2364478 3.79384107 30.8050944 3.79383530 825 3  2   68
 32.8837931 3.79383064 36.2677781 3.79382304 40.0000000 3.79381467 825 3  2   69
 44.7213596 3.79380407 50.0000000 3.79379222 54.5253867 3.79378207 825 3  2   70
 63.4525480 3.79376203 71.0946303 3.79374488 77.4243558 3.79373067 825 3  2   71
 87.9911108 3.79370695 100.000000 3.79368000 122.474488 3.79362976 825 3  2   72
 150.000000 3.79356822 300.000000 3.79323289 387.298335 3.79303773 825 3  2   73
 500.000000 3.79278578 591.607979 3.79258098 700.000000 3.79233867 825 3  2   74
 793.725394 3.79212914 900.000000 3.79189156 994.987438 3.79167921 825 3  2   75
 1000.00000 3.79166800 1100.00000 3.79144513 1277.32677 3.79104991 825 3  2   76
 1428.84136 3.79071222 1690.46820 3.79012912 2000.00000 3.78943925 825 3  2   77
 2378.41424 3.78859586 2708.51111 3.78786016 2985.81547 3.78724211 825 3  2   78
 3455.90248 3.78619441 4000.00000 3.78498175 4472.13596 3.78392948 825 3  2   79
 5000.00000 3.78275300 10000.0000 3.77167000 15000.0000 3.76068900 825 3  2   80
 20000.0000 3.74970800 30000.0000 3.72802600 35000.0000 3.71732750 825 3  2   81
 40000.0000 3.70662900 50000.0000 3.68552600 55000.0000 3.67512750 825 3  2   82
 60000.0000 3.66472900 70000.0000 3.64424800 75000.0000 3.63417400 825 3  2   83
 80000.0000 3.62410000 90000.0000 3.60430100 95000.0000 3.59458650 825 3  2   84
 100000.000 3.58487200 115000.000 3.55663900 120000.000 3.54722800 825 3  2   85
 140000.000 3.51142200 150000.000 3.49462300 160000.000 3.47782400 825 3  2   86
 180000.000 3.44696500 200000.000 3.41963100 220000.000 3.39701500 825 3  2   87
 240000.000 3.38098000 250000.000 3.37776400 260000.000 3.37454800 825 3  2   88
 280000.000 3.38285400 300000.000 3.41512700 320000.000 3.48917300 825 3  2   89
 340000.000 3.64261900 360000.000 3.96494700 370000.000 4.33472600 825 3  2   90
 380000.000 4.70450500 390000.000 5.43747900 395000.000 5.97584900 825 3  2   91
 400000.000 6.68508800 405000.000 7.62489500 410000.000 8.86563600 825 3  2   92
 415000.000 10.4657400 420000.000 12.4040700 425000.000 14.4469600 825 3  2   93
 430000.000 16.0380500 434000.000 16.5228700 435000.000 16.5054800 825 3  2   94
 440000.000 15.6415900 445000.000 13.9149300 450000.000 11.9794100 825 3  2   95
 455000.000 10.2369400 460000.000 8.81563400 465000.000 7.70292700 825 3  2   96
 470000.000 6.84229700 475000.000 6.17513500 480000.000 5.65322300 825 3  2   97
 490000.000 5.03526100 500000.000 4.41729900 520000.000 3.83109200 825 3  2   98
 540000.000 3.50350500 550000.000 3.40016700 560000.000 3.29682900 825 3  2   99
 580000.000 3.15409900 600000.000 3.04858200 620000.000 2.96648600 825 3  2  100
 640000.000 2.90019100 650000.000 2.87274300 660000.000 2.84529500 825 3  2  101
 680000.000 2.79922600 700000.000 2.76055100 720000.000 2.72864200 825 3  2  102
 740000.000 2.70354000 750000.000 2.69475000 760000.000 2.68596000 825 3  2  103
 780000.000 2.67745000 800000.000 2.68072600 810000.000 2.68810500 825 3  2  104
 820000.000 2.70033300 830000.000 2.71846400 840000.000 2.74387200 825 3  2  105
 850000.000 2.77836600 860000.000 2.82434600 870000.000 2.88502500 825 3  2  106
 880000.000 2.96475200 890000.000 3.06945700 900000.000 3.20728100 825 3  2  107
 910000.000 3.38942100 920000.000 3.63116800 930000.000 3.95286500 825 3  2  108
 940000.000 4.37988300 950000.000 4.93903100 960000.000 5.64574600 825 3  2  109
 970000.000 6.47380500 980000.000 7.30933400 990000.000 7.93469700 825 3  2  110
 1000000.00 8.12688200 1010000.00 7.83449300 1020000.00 7.21460300 825 3  2  111
 1030000.00 6.48385100 1040000.00 5.78956300 1050000.00 5.19304800 825 3  2  112
 1060000.00 4.70356300 1070000.00 4.30893000 1080000.00 3.99166400 825 3  2  113
 1090000.00 3.73538800 1100000.00 3.52664600 1110000.00 3.35496900 825 3  2  114
 1120000.00 3.21239400 1130000.00 3.09293000 1140000.00 2.99208300 825 3  2  115
 1150000.00 2.90651000 1160000.00 2.83375200 1170000.00 2.77206600 825 3  2  116
 1180000.00 2.72032100 1190000.00 2.67796500 1200000.00 2.64506400 825 3  2  117
 1210000.00 2.62245800 1220000.00 2.61207700 1230000.00 2.61756800 825 3  2  118
 1240000.00 2.64552200 1250000.00 2.70794800 1255000.00 2.75849500 825 3  2  119
 1260000.00 2.82744800 1265000.00 2.92109900 1270000.00 3.04841200 825 3  2  120
 1275000.00 3.22217300 1280000.00 3.46037000 1285000.00 3.78716600 825 3  2  121
 1290000.00 4.23104300 1295000.00 4.81338300 1300000.00 5.51450500 825 3  2  122
 1305000.00 6.21306600 1307000.00 6.43886000 1309000.00 6.60665900 825 3  2  123
 1310000.00 6.65415300 1311000.00 6.70164700 1313000.00 6.71571900 825 3  2  124
 1315000.00 6.64932100 1317000.00 6.51113400 1319000.00 6.31578200 825 3  2  125
 1320000.00 6.19817800 1321000.00 6.08057400 1325000.00 5.55593400 825 3  2  126
 1330000.00 4.91757000 1335000.00 4.37791600 1340000.00 3.95041500 825 3  2  127
 1345000.00 3.61899000 1350000.00 3.36220800 1360000.00 3.00226700 825 3  2  128
 1370000.00 2.76963700 1380000.00 2.61011800 1390000.00 2.49473800 825 3  2  129
 1400000.00 2.40737400 1410000.00 2.33860900 1420000.00 2.28268400 825 3  2  130
 1430000.00 2.23593000 1440000.00 2.19592100 1450000.00 2.16100300 825 3  2  131
 1460000.00 2.13001500 1470000.00 2.10212200 1480000.00 2.07671100 825 3  2  132
 1490000.00 2.05332300 1500000.00 2.03161000 1510000.00 2.01130400 825 3  2  133
 1520000.00 1.99219800 1530000.00 1.97413300 1540000.00 1.95698800 825 3  2  134
 1550000.00 1.94068100 1560000.00 1.92516600 1570000.00 1.91044900 825 3  2  135
 1580000.00 1.89661100 1590000.00 1.88388000 1600000.00 1.87280200 825 3  2  136
 1602000.00 1.87088000 1604000.00 1.86909000 1606000.00 1.86745400 825 3  2  137
 1608000.00 1.86599900 1610000.00 1.86475900 1612000.00 1.86377700 825 3  2  138
 1614000.00 1.86310800 1616000.00 1.86282500 1618000.00 1.86302200 825 3  2  139
 1620000.00 1.86382600 1622000.00 1.86541000 1624000.00 1.86801300 825 3  2  140
 1626000.00 1.87197500 1628000.00 1.87779500 1630000.00 1.88621900 825 3  2  141
 1632000.00 1.89841000 1634000.00 1.91626200 1636000.00 1.94301500 825 3  2  142
 1638000.00 1.98458300 1640000.00 2.05266000 1641000.00 2.10365800 825 3  2  143
 1642000.00 2.17291600 1643000.00 2.26975800 1644000.00 2.41005000 825 3  2  144
 1645000.00 2.62221600 1646000.00 2.96004400 1646500.00 3.20610100 825 3  2  145
 1647000.00 3.53018400 1647500.00 3.96239000 1648000.00 4.54242600 825 3  2  146
 1648500.00 5.31449900 1649000.00 6.30230300 1649500.00 7.43959400 825 3  2  147
 1650000.00 8.46167100 1650500.00 8.92049900 1651000.00 8.54540100 825 3  2  148
 1651500.00 7.56367200 1652000.00 6.42603100 1652500.00 5.41995000 825 3  2  149
 1653000.00 4.62678500 1653500.00 4.02837300 1654000.00 3.58146100 825 3  2  150
 1655000.00 2.99071300 1656000.00 2.63963500 1657000.00 2.41819500 825 3  2  151
 1658000.00 2.27085700 1659000.00 2.16829000 1660000.00 2.09413400 825 3  2  152
 1661000.00 2.03878400 1662000.00 1.99633800 1663000.00 1.96302200 825 3  2  153
 1664000.00 1.93633800 1665000.00 1.91458200 1666000.00 1.89656400 825 3  2  154
 1667000.00 1.88142900 1668000.00 1.86855400 1669000.00 1.85747500 825 3  2  155
 1670000.00 1.84784100 1671000.00 1.83938400 1672000.00 1.83189400 825 3  2  156
 1673000.00 1.82520600 1674000.00 1.81919100 1675000.00 1.81374500 825 3  2  157
 1676000.00 1.80878300 1677000.00 1.80423800 1678000.00 1.80005500 825 3  2  158
 1679000.00 1.79619100 1680000.00 1.79261300 1681000.00 1.78929900 825 3  2  159
 1682000.00 1.78624000 1683000.00 1.78344600 1684000.00 1.78096700 825 3  2  160
 1685000.00 1.77894300 1686000.00 1.77777900 1687000.00 1.77893400 825 3  2  161
 1688000.00 1.79095500 1688800.00 2.01544300 1688900.00 2.04350400 825 3  2  162
 1689000.00 2.07156500 1689020.00 2.10753100 1689040.00 2.15012400 825 3  2  163
 1689060.00 2.20102100 1689080.00 2.26244200 1689100.00 2.33735800 825 3  2  164
 1689120.00 2.42980000 1689140.00 2.54529700 1689160.00 2.69150900 825 3  2  165
 1689180.00 2.87910200 1689200.00 3.12287100 1689220.00 3.44286000 825 3  2  166
 1689240.00 3.86445200 1689260.00 4.41418000 1689280.00 5.10335600 825 3  2  167
 1689300.00 5.88700100 1689320.00 6.60309400 1689340.00 6.97647600 825 3  2  168
 1689360.00 6.80964300 1689380.00 6.19400700 1689400.00 5.40667800 825 3  2  169
 1689420.00 4.66586500 1689440.00 4.05745800 1689460.00 3.58611300 825 3  2  170
 1689480.00 3.22809600 1689500.00 2.95637300 1689520.00 2.74845000 825 3  2  171
 1689540.00 2.58742100 1689560.00 2.46103400 1689580.00 2.36050000 825 3  2  172
 1689600.00 2.27949800 1690000.00 1.84836400 1691000.00 1.80656400 825 3  2  173
 1692000.00 1.76476400 1694000.00 1.75731700 1696000.00 1.75263200 825 3  2  174
 1698000.00 1.74860500 1700000.00 1.74487200 1702000.00 1.74131900 825 3  2  175
 1704000.00 1.73789400 1706000.00 1.73456800 1708000.00 1.73132400 825 3  2  176
 1710000.00 1.72814500 1712000.00 1.72502300 1714000.00 1.72194700 825 3  2  177
 1716000.00 1.71891100 1718000.00 1.71590800 1720000.00 1.71293200 825 3  2  178
 1722000.00 1.70998000 1724000.00 1.70704700 1726000.00 1.70412900 825 3  2  179
 1728000.00 1.70122200 1730000.00 1.69832500 1732000.00 1.69543200 825 3  2  180
 1734000.00 1.69254300 1736000.00 1.68965400 1738000.00 1.68676300 825 3  2  181
 1740000.00 1.68386800 1742000.00 1.68096500 1744000.00 1.67805300 825 3  2  182
 1746000.00 1.67512900 1748000.00 1.67219000 1750000.00 1.66923500 825 3  2  183
 1752000.00 1.66626100 1754000.00 1.66326500 1756000.00 1.66024400 825 3  2  184
 1758000.00 1.65719600 1760000.00 1.65411700 1762000.00 1.65100400 825 3  2  185
 1764000.00 1.64785400 1766000.00 1.64466400 1768000.00 1.64142800 825 3  2  186
 1770000.00 1.63814300 1772000.00 1.63480500 1774000.00 1.63140900 825 3  2  187
 1776000.00 1.62794800 1778000.00 1.62441800 1780000.00 1.62081300 825 3  2  188
 1782000.00 1.61712600 1784000.00 1.61335100 1786000.00 1.60948000 825 3  2  189
 1788000.00 1.60550600 1790000.00 1.60142300 1792000.00 1.59722400 825 3  2  190
 1794000.00 1.59290400 1796000.00 1.58846100 1798000.00 1.58389600 825 3  2  191
 1800000.00 1.57921900 1802000.00 1.57445000 1804000.00 1.56963000 825 3  2  192
 1806000.00 1.56483300 1808000.00 1.56018600 1810000.00 1.55591100 825 3  2  193
 1812000.00 1.55239100 1814000.00 1.55030200 1816000.00 1.55085700 825 3  2  194
 1818000.00 1.55632300 1820000.00 1.57111500 1822000.00 1.60433700 825 3  2  195
 1823000.00 1.63338100 1824000.00 1.67609700 1825000.00 1.73940000 825 3  2  196
 1826000.00 1.83427200 1827000.00 1.97824600 1828000.00 2.19879800 825 3  2  197
 1829000.00 2.53559200 1830000.00 3.03180800 1831000.00 3.68743000 825 3  2  198
 1832000.00 4.35723100 1833000.00 4.73829100 1833300.00 4.76156900 825 3  2  199
 1834000.00 4.66239300 1835000.00 4.28599800 1836000.00 3.84254500 825 3  2  200
 1837000.00 3.45146100 1838000.00 3.13978500 1839000.00 2.89909600 825 3  2  201
 1840000.00 2.71373800 1841000.00 2.56970800 1842000.00 2.45630600 825 3  2  202
 1843000.00 2.36574900 1844000.00 2.29244500 1845000.00 2.23236500 825 3  2  203
 1846000.00 2.18257600 1847000.00 2.14091900 1848000.00 2.10578000 825 3  2  204
 1849000.00 2.07593900 1850000.00 2.05046000 1851000.00 2.02862100 825 3  2  205
 1852000.00 2.00985500 1853000.00 1.99371500 1854000.00 1.97984600 825 3  2  206
 1855000.00 1.96796400 1856000.00 1.95784000 1857000.00 1.94929000 825 3  2  207
 1858000.00 1.94216700 1859000.00 1.93635100 1860000.00 1.93175000 825 3  2  208
 1861000.00 1.92828900 1862000.00 1.92591100 1863000.00 1.92457600 825 3  2  209
 1864000.00 1.92425600 1866000.00 1.92661000 1868000.00 1.93297400 825 3  2  210
 1870000.00 1.94351200 1872000.00 1.95853900 1874000.00 1.97852700 825 3  2  211
 1876000.00 2.00411600 1878000.00 2.03612500 1880000.00 2.07556200 825 3  2  212
 1882000.00 2.12363400 1884000.00 2.18171300 1885000.00 2.21649200 825 3  2  213
 1886000.00 2.25127100 1888000.00 2.33370200 1890000.00 2.42999800 825 3  2  214
 1892000.00 2.54018500 1894000.00 2.66247400 1896000.00 2.79219600 825 3  2  215
 1898000.00 2.92086100 1900000.00 3.03608000 1902000.00 3.12327000 825 3  2  216
 1904000.00 3.16941500 1906000.00 3.16756000 1908000.00 3.11941700 825 3  2  217
 1910000.00 3.03435100 1912000.00 2.92556300 1914000.00 2.80597300 825 3  2  218
 1916000.00 2.68567400 1918000.00 2.57123700 1920000.00 2.46619000 825 3  2  219
 1922000.00 2.37190100 1924000.00 2.28839900 1926000.00 2.21499500 825 3  2  220
 1928000.00 2.15067800 1930000.00 2.09434800 1932000.00 2.04494300 825 3  2  221
 1934000.00 2.00149600 1936000.00 1.96315600 1938000.00 1.92918600 825 3  2  222
 1940000.00 1.89896100 1942000.00 1.87194900 1944000.00 1.84770000 825 3  2  223
 1946000.00 1.82583500 1950000.00 1.78802400 1955000.00 1.74941900 825 3  2  224
 1960000.00 1.71791100 1965000.00 1.69162400 1970000.00 1.66925300 825 3  2  225
 1975000.00 1.64987300 1980000.00 1.63281700 1985000.00 1.61759200 825 3  2  226
 1990000.00 1.60382700 1995000.00 1.59124000 2000000.00 1.57961400 825 3  2  227
 2020000.00 1.53976600 2040000.00 1.50625800 2060000.00 1.47580600 825 3  2  228
 2080000.00 1.44654400 2100000.00 1.41715900 2120000.00 1.38649700 825 3  2  229
 2140000.00 1.35331300 2160000.00 1.31605500 2180000.00 1.27258700 825 3  2  230
 2200000.00 1.21980000 2210000.00 1.18853300 2220000.00 1.15301600 825 3  2  231
 2230000.00 1.11227800 2240000.00 1.06513300 2250000.00 1.01016300 825 3  2  232
 2260000.00 .945727200 2270000.00 .870063800 2280000.00 .781546900 825 3  2  233
 2290000.00 .679249400 2300000.00 .563967500 2310000.00 .439781500 825 3  2  234
 2320000.00 .315797300 2330000.00 .206820400 2335000.00 .163637200 825 3  2  235
 2340000.00 .130932500 2345000.00 .110410800 2350000.00 .103079400 825 3  2  236
 2355000.00 .109097100 2355319.00 .110287493 2360000.00 .127755300 825 3  2  237
 2365000.00 .157596300 2370000.00 .196633700 2380000.00 .293284300 825 3  2  238
 2390000.00 .400655300 2400000.00 .506034800 2410000.00 .602154100 825 3  2  239
 2420000.00 .686031700 2430000.00 .757319300 2440000.00 .816991900 825 3  2  240
 2450000.00 .866533000 2460000.00 .907501100 2470000.00 .941332400 825 3  2  241
 2480000.00 .969269400 2490000.00 .992353100 2500000.00 1.01144000 825 3  2  242
 2510000.00 1.02722900 2520000.00 1.04029000 2530000.00 1.05108500 825 3  2  243
 2540000.00 1.05999100 2550000.00 1.06731800 2560000.00 1.07331900 825 3  2  244
 2570000.00 1.07820400 2580000.00 1.08214900 2590000.00 1.08529800 825 3  2  245
 2600000.00 1.08777600 2620000.00 1.09111500 2640000.00 1.09283300 825 3  2  246
 2660000.00 1.09342800 2680000.00 1.09328800 2700000.00 1.09272400 825 3  2  247
 2720000.00 1.09200300 2740000.00 1.09136200 2760000.00 1.09103000 825 3  2  248
 2780000.00 1.09124200 2800000.00 1.09226700 2820000.00 1.09445000 825 3  2  249
 2840000.00 1.09835000 2860000.00 1.10537900 2880000.00 1.12693200 825 3  2  250
 2881000.00 1.13012200 2882000.00 1.13413400 2883000.00 1.13938300 825 3  2  251
 2884000.00 1.14661600 2885000.00 1.15733300 2886000.00 1.17504400 825 3  2  252
 2887000.00 1.21026500 2888000.00 1.31360000 2888800.00 1.85080000 825 3  2  253
 2888850.00 1.96383100 2888900.00 2.10526900 2888950.00 2.28126800 825 3  2  254
 2889000.00 2.49368300 2889050.00 2.72828900 2889100.00 2.93167000 825 3  2  255
 2889150.00 2.99508100 2889200.00 2.81431800 2889250.00 2.42500000 825 3  2  256
 2889300.00 1.99128300 2889350.00 1.63758500 2889400.00 1.39076700 825 3  2  257
 2889450.00 1.22994700 2889500.00 1.12775400 2889550.00 1.06326600 825 3  2  258
 2889600.00 1.02268300 2890000.00 .967820300 2892000.00 1.04691200 825 3  2  259
 2894000.00 1.07168300 2896000.00 1.08330900 2898000.00 1.09030400 825 3  2  260
 2900000.00 1.09515800 2905000.00 1.10320600 2910000.00 1.10883700 825 3  2  261
 2915000.00 1.11355600 2920000.00 1.11791200 2925000.00 1.12215800 825 3  2  262
 2930000.00 1.12643000 2935000.00 1.13081300 2940000.00 1.13536700 825 3  2  263
 2945000.00 1.14013900 2950000.00 1.14516700 2955000.00 1.15048900 825 3  2  264
 2960000.00 1.15614400 2965000.00 1.16217500 2970000.00 1.16863400 825 3  2  265
 2975000.00 1.17559200 2980000.00 1.18315200 2985000.00 1.19149600 825 3  2  266
 2990000.00 1.20098500 2995000.00 1.21255400 3000000.00 1.22978500 825 3  2  267
 3001000.00 1.23507900 3002000.00 1.24184300 3003000.00 1.25119200 825 3  2  268
 3004000.00 1.26576700 3005000.00 1.29360000 3006000.00 1.37476300 825 3  2  269
 3006500.00 1.52537900 3006600.00 1.59201200 3006700.00 1.68941900 825 3  2  270
 3006800.00 1.84025900 3006900.00 2.08810700 3007000.00 2.50075000 825 3  2  271
 3007100.00 3.01147800 3007200.00 2.85735400 3007300.00 2.01175000 825 3  2  272
 3007400.00 1.49258700 3007500.00 1.27851800 3008000.00 1.13506500 825 3  2  273
 3010000.00 1.18470900 3020000.00 1.23801500 3030000.00 1.26612300 825 3  2  274
 3040000.00 1.29438600 3050000.00 1.32506500 3060000.00 1.35901600 825 3  2  275
 3070000.00 1.39682800 3080000.00 1.43902200 3090000.00 1.48610700 825 3  2  276
 3100000.00 1.53858900 3110000.00 1.59696400 3120000.00 1.66170000 825 3  2  277
 3130000.00 1.73320500 3140000.00 1.81179400 3150000.00 1.89763800 825 3  2  278
 3160000.00 1.99072000 3170000.00 2.09081700 3180000.00 2.19759100 825 3  2  279
 3190000.00 2.31127800 3200000.00 2.43883000 3201000.00 2.45392500 825 3  2  280
 3202000.00 2.47012000 3203000.00 2.48791100 3204000.00 2.50811600 825 3  2  281
 3205000.00 2.53216900 3206000.00 2.56276900 3207000.00 2.60548900 825 3  2  282
 3208000.00 2.67335700 3209000.00 2.80248200 3209500.00 2.92089900 825 3  2  283
 3210000.00 3.11915500 3210500.00 3.47847700 3211000.00 4.14732900 825 3  2  284
 3211500.00 5.07611300 3212000.00 5.10470200 3212500.00 4.15573800 825 3  2  285
 3213000.00 3.46249900 3213500.00 3.10474400 3214000.00 2.91883300 825 3  2  286
 3215000.00 2.75524500 3216000.00 2.69464200 3218000.00 2.66186300 825 3  2  287
 3220000.00 2.66441000 3230000.00 2.75422800 3240000.00 2.85476800 825 3  2  288
 3250000.00 2.94790800 3260000.00 3.03023800 3270000.00 3.10000900 825 3  2  289
 3280000.00 3.15636100 3290000.00 3.19921300 3300000.00 3.22916100 825 3  2  290
 3310000.00 3.24734600 3320000.00 3.25528500 3330000.00 3.25469900 825 3  2  291
 3340000.00 3.24736500 3350000.00 3.23499100 3360000.00 3.21913800 825 3  2  292
 3370000.00 3.20117100 3380000.00 3.18223100 3390000.00 3.16323900 825 3  2  293
 3400000.00 3.14489500 3410000.00 3.12768900 3420000.00 3.11192500 825 3  2  294
 3430000.00 3.09854200 3432000.00 3.09697100 3434000.00 3.09725100 825 3  2  295
 3436000.00 3.10509600 3438000.00 3.24737800 3438200.00 3.34915500 825 3  2  296
 3438400.00 3.56897900 3438600.00 4.09734300 3438800.00 5.19573200 825 3  2  297
 3439000.00 5.65605100 3439200.00 4.85028700 3439400.00 4.26751800 825 3  2  298
 3439600.00 3.99093400 3439800.00 3.87213300 3440000.00 3.84106600 825 3  2  299
 3440500.00 4.02699400 3441000.00 4.68559700 3441500.00 5.69268100 825 3  2  300
 3442000.00 5.08494100 3442500.00 4.08169900 3443000.00 3.62150000 825 3  2  301
 3443500.00 3.41451300 3444000.00 3.30875900 3444500.00 3.24820900 825 3  2  302
 3445000.00 3.21034700 3446000.00 3.16713900 3447000.00 3.14396000 825 3  2  303
 3448000.00 3.12978900 3449000.00 3.12029500 3450000.00 3.11349000 825 3  2  304
 3460000.00 3.08800300 3480000.00 3.07592500 3500000.00 3.07543800 825 3  2  305
 3520000.00 3.08117900 3540000.00 3.09032700 3560000.00 3.10017400 825 3  2  306
 3580000.00 3.10802200 3600000.00 3.11133000 3620000.00 3.10795400 825 3  2  307
 3630000.00 3.10327800 3632000.00 3.10208900 3634000.00 3.10081500 825 3  2  308
 3636000.00 3.09945600 3638000.00 3.09801500 3640000.00 3.09650500 825 3  2  309
 3640500.00 3.09612900 3641000.00 3.09577900 3641500.00 3.09557700 825 3  2  310
 3642000.00 3.09808800 3642500.00 3.09542200 3643000.00 3.09420600 825 3  2  311
 3644000.00 3.09320000 3646000.00 3.09138600 3648000.00 3.08951500 825 3  2  312
 3650000.00 3.08756600 3660000.00 3.07667800 3680000.00 3.05047600 825 3  2  313
 3700000.00 3.02461000 3710000.00 3.01743200 3720000.00 3.02192700 825 3  2  314
 3730000.00 3.05384400 3740000.00 3.15713700 3749000.00 3.43290400 825 3  2  315
 3751000.00 3.54885000 3753000.00 3.69987200 3755000.00 3.89727100 825 3  2  316
 3757000.00 4.15422700 3759000.00 4.48215500 3761000.00 4.88003000 825 3  2  317
 3763000.00 5.31241300 3765000.00 5.68472500 3767000.00 5.85887200 825 3  2  318
 3769000.00 5.74831400 3771000.00 5.40336400 3773000.00 4.95975200 825 3  2  319
 3775000.00 4.53000000 3777000.00 4.16495500 3779000.00 3.87287700 825 3  2  320
 3781000.00 3.64436500 3783000.00 3.46610000 3785000.00 3.32604600 825 3  2  321
 3787000.00 3.21469300 3789000.00 3.12490700 3791000.00 3.05143600 825 3  2  322
 3793000.00 2.99042900 3795000.00 2.93905000 3797000.00 2.89519500 825 3  2  323
 3799000.00 2.85728400 3810000.00 2.71341600 3820000.00 2.63086500 825 3  2  324
 3830000.00 2.56853700 3840000.00 2.51719000 3850000.00 2.47277000 825 3  2  325
 3860000.00 2.43333300 3870000.00 2.39789300 3880000.00 2.36592000 825 3  2  326
 3890000.00 2.33711100 3900000.00 2.31126000 3910000.00 2.28817800 825 3  2  327
 3920000.00 2.26763700 3930000.00 2.24931400 3940000.00 2.23272100 825 3  2  328
 3950000.00 2.21712300 3960000.00 2.20140200 3970000.00 2.18384100 825 3  2  329
 3980000.00 2.16177200 3990000.00 2.13099600 4000000.00 2.08492500 825 3  2  330
 4010000.00 2.01371700 4020000.00 1.90492400 4030000.00 1.74997200 825 3  2  331
 4040000.00 1.56048800 4050000.00 1.37938000 4060000.00 1.25287200 825 3  2  332
 4070000.00 1.18871100 4080000.00 1.16301400 4090000.00 1.15154800 825 3  2  333
 4100000.00 1.14302200 4110000.00 1.13842200 4120000.00 1.14921900 825 3  2  334
 4130000.00 1.19763300 4140000.00 1.31405900 4150000.00 1.51800300 825 3  2  335
 4160000.00 1.77691300 4170000.00 1.99760000 4180000.00 2.10495300 825 3  2  336
 4190000.00 2.10075000 4200000.00 2.02743700 4210000.00 1.92237600 825 3  2  337
 4220000.00 1.80669800 4230000.00 1.69022300 4240000.00 1.57750000 825 3  2  338
 4250000.00 1.47223400 4260000.00 1.38161600 4270000.00 1.32381200 825 3  2  339
 4275000.00 1.31963600 4280000.00 1.34430300 4285000.00 1.41212100 825 3  2  340
 4290000.00 1.54006100 4295000.00 1.74053100 4300000.00 2.00710200 825 3  2  341
 4305000.00 2.30404600 4310000.00 2.57808800 4315000.00 2.78625800 825 3  2  342
 4320000.00 2.91172200 4325000.00 2.96020600 4330000.00 2.94916600 825 3  2  343
 4335000.00 2.89846400 4340000.00 2.82501900 4345000.00 2.74104400 825 3  2  344
 4350000.00 2.65438400 4360000.00 2.48914300 4370000.00 2.34462200 825 3  2  345
 4380000.00 2.22220100 4390000.00 2.11929900 4400000.00 2.03289200 825 3  2  346
 4405000.00 1.99509900 4410000.00 1.96062100 4415000.00 1.92933300 825 3  2  347
 4420000.00 1.90120000 4425000.00 1.87629200 4430000.00 1.85481700 825 3  2  348
 4435000.00 1.83712800 4440000.00 1.82366000 4445000.00 1.81439700 825 3  2  349
 4450000.00 1.80596200 4451000.00 1.80318700 4452000.00 1.79940600 825 3  2  350
 4453000.00 1.79410000 4454000.00 1.78654500 4455000.00 1.77574600 825 3  2  351
 4456000.00 1.76036900 4457000.00 1.73870200 4458000.00 1.70871900 825 3  2  352
 4459000.00 1.66834600 4460000.00 1.61609600 4461000.00 1.55212100 825 3  2  353
 4462000.00 1.47937700 4463000.00 1.40405800 4464000.00 1.33433400 825 3  2  354
 4465000.00 1.27756800 4466000.00 1.23774100 4467000.00 1.21478500 825 3  2  355
 4468000.00 1.20581500 4469000.00 1.20691700 4470000.00 1.21443300 825 3  2  356
 4471000.00 1.22551900 4472000.00 1.23820100 4473000.00 1.25121500 825 3  2  357
 4474000.00 1.26381100 4475000.00 1.27557900 4476000.00 1.28632000 825 3  2  358
 4477000.00 1.29597000 4478000.00 1.30453600 4479000.00 1.31206900 825 3  2  359
 4480000.00 1.31863700 4481000.00 1.32431900 4482000.00 1.32919000 825 3  2  360
 4483000.00 1.33332700 4484000.00 1.33679800 4485000.00 1.33966600 825 3  2  361
 4486000.00 1.34198700 4487000.00 1.34381300 4488000.00 1.34518800 825 3  2  362
 4489000.00 1.34615300 4490000.00 1.34674300 4495000.00 1.34503100 825 3  2  363
 4500000.00 1.33731600 4505000.00 1.32514600 4510000.00 1.31002300 825 3  2  364
 4515000.00 1.29754000 4516000.00 1.29723100 4517000.00 1.29882700 825 3  2  365
 4518000.00 1.30347900 4519000.00 1.31309900 4520000.00 1.33095500 825 3  2  366
 4521000.00 1.36280000 4522000.00 1.41903000 4523000.00 1.51857100 825 3  2  367
 4524000.00 1.69414800 4525000.00 1.98956500 4526000.00 2.40642800 825 3  2  368
 4527000.00 2.77101300 4528000.00 2.82628200 4529000.00 2.62022600 825 3  2  369
 4530000.00 2.36119000 4531000.00 2.14590400 4532000.00 1.98527000 825 3  2  370
 4533000.00 1.86743600 4534000.00 1.77985700 4535000.00 1.71330100 825 3  2  371
 4536000.00 1.66150300 4537000.00 1.62026800 4538000.00 1.58675900 825 3  2  372
 4539000.00 1.55902000 4540000.00 1.53567600 4541000.00 1.51574100 825 3  2  373
 4542000.00 1.49849300 4543000.00 1.48339500 4544000.00 1.47003900 825 3  2  374
 4545000.00 1.45811300 4546000.00 1.44737200 4547000.00 1.43762400 825 3  2  375
 4548000.00 1.42871500 4549000.00 1.42052200 4550000.00 1.41294400 825 3  2  376
 4555000.00 1.38181200 4560000.00 1.35800800 4565000.00 1.33860800 825 3  2  377
 4570000.00 1.32224500 4575000.00 1.30842000 4580000.00 1.29756600 825 3  2  378
 4585000.00 1.29289100 4586000.00 1.29372800 4587000.00 1.29581200 825 3  2  379
 4588000.00 1.29984500 4589000.00 1.30713600 4590000.00 1.32036700 825 3  2  380
 4591000.00 1.34580000 4592000.00 1.40104000 4593000.00 1.55179900 825 3  2  381
 4593100.00 1.57970200 4593200.00 1.61179400 4593300.00 1.64890400 825 3  2  382
 4593400.00 1.69205700 4593500.00 1.74252200 4593600.00 1.80187500 825 3  2  383
 4593700.00 1.87206300 4593800.00 1.95547800 4593900.00 2.05500100 825 3  2  384
 4594000.00 2.17399300 4594100.00 2.31612800 4594200.00 2.48490200 825 3  2  385
 4594300.00 2.68253200 4594400.00 2.90784900 4594500.00 3.15293100 825 3  2  386
 4594600.00 3.39900800 4594700.00 3.61422300 4594800.00 3.75808900 825 3  2  387
 4594900.00 3.79578600 4595000.00 3.71609200 4595100.00 3.53826600 825 3  2  388
 4595200.00 3.30109800 4595300.00 3.04443400 4595400.00 2.79706600 825 3  2  389
 4595500.00 2.57447200 4595600.00 2.38209100 4595700.00 2.21952700 825 3  2  390
 4595800.00 2.08369500 4595900.00 1.97067000 4596000.00 1.87659800 825 3  2  391
 4596100.00 1.79807000 4596200.00 1.73222000 4596300.00 1.67670100 825 3  2  392
 4596400.00 1.62961800 4596500.00 1.58945000 4596600.00 1.55497600 825 3  2  393
 4596700.00 1.52521500 4596800.00 1.49938000 4596900.00 1.47683000 825 3  2  394
 4597000.00 1.45704600 4598000.00 1.34603400 4600000.00 1.27983000 825 3  2  395
 4602000.00 1.25823700 4604000.00 1.24764700 4606000.00 1.24122100 825 3  2  396
 4608000.00 1.23691600 4610000.00 1.23403800 4612000.00 1.23241000 825 3  2  397
 4614000.00 1.23214100 4616000.00 1.23359900 4618000.00 1.23748900 825 3  2  398
 4620000.00 1.24509800 4622000.00 1.25880800 4624000.00 1.28323900 825 3  2  399
 4626000.00 1.32756700 4626500.00 1.34351400 4627000.00 1.36200500 825 3  2  400
 4627500.00 1.38330600 4628000.00 1.40755700 4628500.00 1.43461800 825 3  2  401
 4629000.00 1.46383300 4629500.00 1.49372300 4630000.00 1.52169000 825 3  2  402
 4630500.00 1.54398000 4631000.00 1.55623800 4631500.00 1.55483800 825 3  2  403
 4632000.00 1.53849700 4632500.00 1.50910200 4633000.00 1.47100000 825 3  2  404
 4633500.00 1.42925800 4634000.00 1.38808700 4634500.00 1.35016500 825 3  2  405
 4635000.00 1.31674300 4635500.00 1.28807400 4636000.00 1.26386300 825 3  2  406
 4636500.00 1.24356700 4637000.00 1.22659000 4637500.00 1.21236700 825 3  2  407
 4638000.00 1.20040400 4640000.00 1.16791000 4645000.00 1.13279700 825 3  2  408
 4650000.00 1.11634400 4655000.00 1.10441100 4660000.00 1.09392700 825 3  2  409
 4670000.00 1.07429300 4680000.00 1.05516200 4690000.00 1.03615600 825 3  2  410
 4700000.00 1.01721900 4710000.00 .998397300 4720000.00 .979828600 825 3  2  411
 4730000.00 .961790000 4740000.00 .944802400 4750000.00 .929834000 825 3  2  412
 4760000.00 .918697600 4770000.00 .914845100 4775000.00 .917546300 825 3  2  413
 4780000.00 .924980700 4785000.00 .939014400 4790000.00 .962240900 825 3  2  414
 4795000.00 .998191400 4800000.00 1.05146200 4805000.00 1.12750000 825 3  2  415
 4810000.00 1.23148000 4815000.00 1.36544100 4820000.00 1.52328300 825 3  2  416
 4825000.00 1.68594600 4830000.00 1.82326600 4835000.00 1.90710200 825 3  2  417
 4840000.00 1.92702000 4845000.00 1.89308200 4850000.00 1.82527500 825 3  2  418
 4855000.00 1.74222800 4860000.00 1.65648200 4865000.00 1.57478900 825 3  2  419
 4870000.00 1.50001900 4875000.00 1.43287900 4880000.00 1.37303200 825 3  2  420
 4885000.00 1.31971400 4890000.00 1.27205700 4895000.00 1.22922000 825 3  2  421
 4900000.00 1.19045700 4905000.00 1.15512300 4910000.00 1.12267600 825 3  2  422
 4915000.00 1.09266300 4920000.00 1.06471200 4925000.00 1.03851400 825 3  2  423
 4930000.00 1.01381900 4935000.00 .990427700 4940000.00 .968182500 825 3  2  424
 4945000.00 .946967700 4950000.00 .926705700 4960000.00 .888926400 825 3  2  425
 4970000.00 .855051300 4980000.00 .826122500 4990000.00 .804329000 825 3  2  426
 5000000.00 .793447900 5010000.00 .799272800 5020000.00 .829551300 825 3  2  427
 5030000.00 .892417300 5040000.00 .992200100 5050000.00 1.12360200 825 3  2  428
 5060000.00 1.26990400 5070000.00 1.41130300 5080000.00 1.53981900 825 3  2  429
 5090000.00 1.67205300 5100000.00 1.86724300 5103000.00 1.95768400 825 3  2  430
 5105000.00 2.03207000 5107000.00 2.12093500 5109000.00 2.22742600 825 3  2  431
 5111000.00 2.35470500 5113000.00 2.50514300 5115000.00 2.67867000 825 3  2  432
 5117000.00 2.86996800 5119000.00 3.06478000 5121000.00 3.23738200 825 3  2  433
 5123000.00 3.35363200 5125000.00 3.38312500 5127000.00 3.31548700 825 3  2  434
 5129000.00 3.16706600 5131000.00 2.97110800 5133000.00 2.76115500 825 3  2  435
 5135000.00 2.56065500 5137000.00 2.38155000 5139000.00 2.22749700 825 3  2  436
 5141000.00 2.09758200 5143000.00 1.98894000 5145000.00 1.89820900 825 3  2  437
 5147000.00 1.82221000 5150000.00 1.72995600 5160000.00 1.53835700 825 3  2  438
 5170000.00 1.43482500 5180000.00 1.36865600 5190000.00 1.32090700 825 3  2  439
 5200000.00 1.28345000 5210000.00 1.25234700 5220000.00 1.22545500 825 3  2  440
 5230000.00 1.20130100 5240000.00 1.17030100 5250000.00 1.16269400 825 3  2  441
 5260000.00 1.14396700 5270000.00 1.12670200 5280000.00 1.11024500 825 3  2  442
 5290000.00 1.09406800 5300000.00 1.07813200 5301000.00 1.07699900 825 3  2  443
 5302000.00 1.07640700 5303000.00 1.07700900 5304000.00 1.08055100 825 3  2  444
 5305000.00 1.09268800 5306000.00 1.13852400 5307000.00 1.41084100 825 3  2  445
 5308000.00 2.23789700 5309000.00 1.35189200 5310000.00 1.18226200 825 3  2  446
 5311000.00 1.13143200 5312000.00 1.10868300 5313000.00 1.09589200 825 3  2  447
 5314000.00 1.08756500 5315000.00 1.08156200 5316000.00 1.07689900 825 3  2  448
 5320000.00 1.06423600 5330000.00 1.04327100 5340000.00 1.02285400 825 3  2  449
 5350000.00 .995682100 5355000.00 .975557100 5360000.00 .947933500 825 3  2  450
 5361000.00 .942361100 5362000.00 .938220700 5363000.00 .937945600 825 3  2  451
 5364000.00 .947373000 5364500.00 .959678600 5365000.00 .981211400 825 3  2  452
 5365500.00 1.01755200 5366000.00 1.07750100 5366500.00 1.17385800 825 3  2  453
 5367000.00 1.32119800 5367500.00 1.52391600 5368000.00 1.75039600 825 3  2  454
 5368500.00 1.92370300 5369000.00 1.98042300 5369500.00 1.93233600 825 3  2  455
 5370000.00 1.83375800 5370500.00 1.72699900 5371000.00 1.63087100 825 3  2  456
 5371500.00 1.55015200 5372000.00 1.48400900 5372500.00 1.43004700 825 3  2  457
 5373000.00 1.38582000 5373500.00 1.34925900 5374000.00 1.31873200 825 3  2  458
 5374500.00 1.29298000 5375000.00 1.27103700 5380000.00 1.15647500 825 3  2  459
 5385000.00 1.11194300 5390000.00 1.08789000 5395000.00 1.07246600 825 3  2  460
 5400000.00 1.06152000 5410000.00 1.04672500 5420000.00 1.03718300 825 3  2  461
 5430000.00 1.03085600 5440000.00 1.02696600 5450000.00 1.02523300 825 3  2  462
 5460000.00 1.02562500 5470000.00 1.02827400 5480000.00 1.03343400 825 3  2  463
 5490000.00 1.04148100 5500000.00 1.05292300 5510000.00 1.06841300 825 3  2  464
 5520000.00 1.08878000 5530000.00 1.11506100 5540000.00 1.14852400 825 3  2  465
 5550000.00 1.19069300 5560000.00 1.24332600 5570000.00 1.30832500 825 3  2  466
 5580000.00 1.38747600 5590000.00 1.48185700 5600000.00 1.59058400 825 3  2  467
 5602000.00 1.61369700 5604000.00 1.63711700 5606000.00 1.66075000 825 3  2  468
 5608000.00 1.68448400 5610000.00 1.70818200 5612000.00 1.73168600 825 3  2  469
 5614000.00 1.75480800 5616000.00 1.77733000 5618000.00 1.79900400 825 3  2  470
 5620000.00 1.81955000 5622000.00 1.83865500 5624000.00 1.85598400 825 3  2  471
 5626000.00 1.87118000 5628000.00 1.88388400 5630000.00 1.89375000 825 3  2  472
 5632000.00 1.90047000 5634000.00 1.90380600 5636000.00 1.90361800 825 3  2  473
 5638000.00 1.89990300 5639542.00 1.89443738 5640000.00 1.89281400 825 3  2  474
 5642000.00 1.88267500 5644000.00 1.86997800 5645000.00 1.86267150 825 3  2  475
 5646000.00 1.85536500 5648000.00 1.83957500 5650000.00 1.82340800 825 3  2  476
 5652000.00 1.80766700 5654000.00 1.79312400 5655000.00 1.78681300 825 3  2  477
 5656000.00 1.78050200 5658000.00 1.77049400 5660000.00 1.76383900 825 3  2  478
 5662000.00 1.76146300 5664000.00 1.76478200 5665000.00 1.77054700 825 3  2  479
 5666000.00 1.77631200 5668000.00 1.80114300 5670000.00 1.85087300 825 3  2  480
 5672000.00 1.95618400 5674000.00 2.21233000 5675000.00 2.52313550 825 3  2  481
 5676000.00 2.83394100 5678000.00 2.66591900 5680000.00 1.91331100 825 3  2  482
 5682000.00 1.69240000 5684000.00 1.62371700 5685000.00 1.60994100 825 3  2  483
 5686000.00 1.59616500 5688000.00 1.58224300 5690000.00 1.57349900 825 3  2  484
 5692000.00 1.56683700 5694000.00 1.56096700 5695000.00 1.55813700 825 3  2  485
 5696000.00 1.55530700 5698000.00 1.54958000 5700000.00 1.54365200 825 3  2  486
 5705000.00 1.52681000 5710000.00 1.50996800 5715000.00 1.49033750 825 3  2  487
 5720000.00 1.47070700 5725000.00 1.44969600 5730000.00 1.42868500 825 3  2  488
 5735000.00 1.40747050 5740000.00 1.38625600 5745000.00 1.36562350 825 3  2  489
 5750000.00 1.34499100 5755000.00 1.32540650 5760000.00 1.30582200 825 3  2  490
 5765000.00 1.28752750 5770000.00 1.26923300 5775000.00 1.25233200 825 3  2  491
 5780000.00 1.23543100 5785000.00 1.21994750 5790000.00 1.20446400 825 3  2  492
 5795000.00 1.19038900 5800000.00 1.17631400 5805000.00 1.16364400 825 3  2  493
 5810000.00 1.15097400 5815000.00 1.13974000 5820000.00 1.12850600 825 3  2  494
 5825000.00 1.11882000 5830000.00 1.10913400 5835000.00 1.10125650 825 3  2  495
 5840000.00 1.09337900 5845000.00 1.08784850 5850000.00 1.08231800 825 3  2  496
 5855000.00 1.07916500 5860000.00 1.07815500 5865000.00 1.07995600 825 3  2  497
 5870000.00 1.08556700 5875000.00 1.09652700 5880000.00 1.11527100 825 3  2  498
 5885000.00 1.14576900 5890000.00 1.19471100 5895000.00 1.27362900 825 3  2  499
 5900000.00 1.40228000 5905000.00 1.61091500 5910000.00 1.92296200 825 3  2  500
 5915000.00 2.25907800 5916000.00 2.29887550 5917000.00 2.33867300 825 3  2  501
 5918000.00 2.34707300 5919000.00 2.35547300 5920000.00 2.32996500 825 3  2  502
 5921000.00 2.30445700 5922000.00 2.24319200 5923000.00 2.18192700 825 3  2  503
 5924000.00 2.12066200 5925000.00 2.05939700 5926000.00 1.98762760 825 3  2  504
 5927000.00 1.91585820 5928000.00 1.84408880 5929000.00 1.77231940 825 3  2  505
 5930000.00 1.70055000 5935000.00 1.42865600 5940000.00 1.24674600 825 3  2  506
 5945000.00 1.12400000 5950000.00 1.03659100 5952000.00 1.00988700 825 3  2  507
 5954000.00 .983183000 5955000.00 .969831000 5956000.00 .958831420 825 3  2  508
 5958000.00 .936832260 5960000.00 .914833100 5962000.00 .894799300 825 3  2  509
 5964000.00 .875470700 5965000.00 .866050200 5966000.00 .856629700 825 3  2  510
 5968000.00 .838102200 5970000.00 .819766300 5972000.00 .801573900 825 3  2  511
 5974000.00 .783594800 5975000.00 .774848100 5976000.00 .766101400 825 3  2  512
 5978000.00 .749728800 5980000.00 .735778300 5982000.00 .726791500 825 3  2  513
 5984000.00 .727620900 5986000.00 .747291600 5988000.00 .801586300 825 3  2  514
 5990000.00 .913794900 5992000.00 1.10339500 5994000.00 1.34918100 825 3  2  515
 5995000.00 1.45659800 5996000.00 1.56401500 5997000.00 1.61541800 825 3  2  516
 5998000.00 1.66682100 5999000.00 1.66468350 6000000.00 1.66254600 825 3  2  517
 6001000.00 1.63250200 6002000.00 1.60245800 6003000.00 1.56440650 825 3  2  518
 6004000.00 1.52635500 6006000.00 1.45274800 6008000.00 1.38768000 825 3  2  519
 6010000.00 1.33196300 6012000.00 1.28463800 6014000.00 1.24435100 825 3  2  520
 6016000.00 1.20981900 6018000.00 1.17995800 6020000.00 1.15389700 825 3  2  521
 6022000.00 1.13094200 6024000.00 1.11054300 6025000.00 1.10140500 825 3  2  522
 6026000.00 1.09226700 6028000.00 1.07576500 6030000.00 1.06076500 825 3  2  523
 6032000.00 1.04704100 6034000.00 1.03441700 6035000.00 1.02858300 825 3  2  524
 6036000.00 1.02274900 6038000.00 1.01192300 6040000.00 1.00184900 825 3  2  525
 6042000.00 .992463000 6044000.00 .983721300 6045000.00 .979662650 825 3  2  526
 6046000.00 .975604000 6048000.00 .968119600 6050000.00 .961311900 825 3  2  527
 6052000.00 .955273600 6054000.00 .950169700 6055000.00 .948224500 825 3  2  528
 6056000.00 .946279300 6058000.00 .944071100 6060000.00 .944349400 825 3  2  529
 6062000.00 .948550700 6064000.00 .959399500 6066000.00 .982498600 825 3  2  530
 6068000.00 1.03067900 6070000.00 1.13755400 6070500.00 1.18237600 825 3  2  531
 6071000.00 1.23902700 6071500.00 1.31115600 6072000.00 1.40343300 825 3  2  532
 6072500.00 1.52139100 6073000.00 1.67043000 6073500.00 1.85278600 825 3  2  533
 6074000.00 2.06088000 6074500.00 2.26741200 6075000.00 2.42114300 825 3  2  534
 6075500.00 2.46660100 6076000.00 2.38545400 6076500.00 2.21306400 825 3  2  535
 6077000.00 2.00689700 6077500.00 1.80995700 6078000.00 1.64161400 825 3  2  536
 6078500.00 1.50540800 6079000.00 1.39794000 6079500.00 1.31395000 825 3  2  537
 6080000.00 1.24844800 6080500.00 1.19733800 6081000.00 1.15745200 825 3  2  538
 6081500.00 1.12640400 6082000.00 1.10241500 6084000.00 1.05507200 825 3  2  539
 6086000.00 1.05762600 6088000.00 1.09087100 6090000.00 1.13957800 825 3  2  540
 6092000.00 1.18573600 6094000.00 1.21392700 6096000.00 1.21920100 825 3  2  541
 6098000.00 1.20643500 6100000.00 1.18363600 6102000.00 1.15718700 825 3  2  542
 6104000.00 1.13081700 6106000.00 1.10627200 6108000.00 1.08416300 825 3  2  543
 6110000.00 1.06454900 6112000.00 1.04724200 6114000.00 1.03198000 825 3  2  544
 6115000.00 1.02523800 6116000.00 1.01849600 6118000.00 1.00654000 825 3  2  545
 6120000.00 .995895900 6122000.00 .986381500 6124000.00 .977839800 825 3  2  546
 6125000.00 .973989950 6126000.00 .970140100 6128000.00 .963171500 825 3  2  547
 6130000.00 .956842600 6135000.00 .943325600 6140000.00 .932381900 825 3  2  548
 6145000.00 .923348100 6150000.00 .915751000 6155000.00 .909245400 825 3  2  549
 6160000.00 .903575600 6165000.00 .898549300 6170000.00 .894020300 825 3  2  550
 6175000.00 .889878700 6180000.00 .886043400 6185000.00 .882457300 825 3  2  551
 6190000.00 .879082100 6195000.00 .875895100 6200000.00 .872885000 825 3  2  552
 6205000.00 .870049000 6210000.00 .867390600 6215000.00 .864918200 825 3  2  553
 6220000.00 .862643700 6225000.00 .860582100 6230000.00 .858751300 825 3  2  554
 6235000.00 .857171100 6240000.00 .855863900 6245000.00 .854854100 825 3  2  555
 6250000.00 .854167100 6255000.00 .853829600 6260000.00 .853867100 825 3  2  556
 6265000.00 .854303500 6270000.00 .855158900 6272170.00 .855717545 825 3  2  557
 6272200.00 .855725268 6275000.00 .856446100 6280000.00 .858173900 825 3  2  558
 6285000.00 .860347400 6290000.00 .862971100 6295000.00 .866061800 825 3  2  559
 6300000.00 .869661400 6302000.00 .871338600 6304000.00 .873015800 825 3  2  560
 6305000.00 .873854400 6306000.00 .874840060 6308000.00 .876811380 825 3  2  561
 6310000.00 .878782700 6312000.00 .881131340 6314000.00 .883479980 825 3  2  562
 6315000.00 .884654300 6316000.00 .886072700 6318000.00 .888909500 825 3  2  563
 6320000.00 .891746300 6322000.00 .895537580 6324000.00 .899328860 825 3  2  564
 6325000.00 .901224500 6326000.00 .903661060 6328000.00 .908534180 825 3  2  565
 6330000.00 .913407300 6332000.00 .919319500 6334000.00 .925231700 825 3  2  566
 6335000.00 .928187800 6336000.00 .931832580 6338000.00 .939122140 825 3  2  567
 6340000.00 .946411700 6342000.00 .955232820 6344000.00 .964053940 825 3  2  568
 6345000.00 .968464500 6346000.00 .973746760 6348000.00 .984311280 825 3  2  569
 6350000.00 .994875800 6352000.00 1.00771228 6354000.00 1.02054876 825 3  2  570
 6355000.00 1.02696700 6356000.00 1.03462480 6358000.00 1.04994040 825 3  2  571
 6360000.00 1.06525600 6362000.00 1.08223300 6364000.00 1.10084000 825 3  2  572
 6365000.00 1.11099950 6366000.00 1.12115900 6368000.00 1.14285500 825 3  2  573
 6370000.00 1.16573100 6372000.00 1.18954900 6374000.00 1.21438700 825 3  2  574
 6375000.00 1.22723500 6376000.00 1.24008300 6378000.00 1.26615800 825 3  2  575
 6380000.00 1.29197800 6382000.00 1.31678800 6384000.00 1.33973100 825 3  2  576
 6385000.00 1.34960050 6386000.00 1.35947000 6387000.00 1.36786800 825 3  2  577
 6388000.00 1.37532800 6389000.00 1.38201500 6390000.00 1.38817200 825 3  2  578
 6391000.00 1.39328500 6392000.00 1.39708900 6393000.00 1.39942800 825 3  2  579
 6394000.00 1.40012900 6395000.00 1.39895400 6396000.00 1.39571700 825 3  2  580
 6397000.00 1.39020700 6398000.00 1.38264200 6399000.00 1.37298200 825 3  2  581
 6400000.00 1.36121400 6401000.00 1.34745700 6402000.00 1.33174700 825 3  2  582
 6403000.00 1.31418700 6404000.00 1.29490200 6405000.00 1.27404600 825 3  2  583
 6406000.00 1.25180300 6407000.00 1.22837600 6408000.00 1.20398700 825 3  2  584
 6409000.00 1.17914100 6410000.00 1.15395700 6411000.00 1.12843700 825 3  2  585
 6412000.00 1.10277300 6413000.00 1.07714500 6414000.00 1.05173100 825 3  2  586
 6415000.00 1.02718300 6416000.00 1.00263500 6418000.00 .956346900 825 3  2  587
 6420000.00 .913015300 6422000.00 .872742800 6424000.00 .836334133 825 3  2  588
 6425000.00 .818129800 6426000.00 .803398780 6428000.00 .773936740 825 3  2  589
 6430000.00 .744474700 6430885.00 .734906912 6432000.00 .722852580 825 3  2  590
 6434000.00 .701230460 6435000.00 .690419400 6436000.00 .682621340 825 3  2  591
 6438000.00 .667025220 6440000.00 .651429100 6442000.00 .639658660 825 3  2  592
 6444000.00 .627888220 6445000.00 .622003000 6446000.00 .617726940 825 3  2  593
 6448000.00 .609174820 6450000.00 .600622700 6452000.00 .594611860 825 3  2  594
 6452100.00 .594311318 6452146.00 .594173069 6454000.00 .588601020 825 3  2  595
 6455000.00 .585595600 6456000.00 .583409500 6458000.00 .579037300 825 3  2  596
 6460000.00 .574665100 6462000.00 .571517100 6464000.00 .568369100 825 3  2  597
 6465000.00 .566795100 6466000.00 .565501000 6468000.00 .562912800 825 3  2  598
 6470000.00 .560324600 6472000.00 .558018440 6474000.00 .555712280 825 3  2  599
 6475000.00 .554559200 6476000.00 .553024000 6478000.00 .549953600 825 3  2  600
 6480000.00 .546883200 6482000.00 .544759440 6484000.00 .542635680 825 3  2  601
 6485000.00 .541573800 6486000.00 .540810120 6488000.00 .539282760 825 3  2  602
 6490000.00 .537755400 6492000.00 .536290360 6494000.00 .534825320 825 3  2  603
 6495000.00 .534092800 6496000.00 .533178060 6498000.00 .531348580 825 3  2  604
 6500000.00 .529519100 6502000.00 .527375900 6504000.00 .525232700 825 3  2  605
 6506000.00 .523089500 6508000.00 .520946300 6510000.00 .518803100 825 3  2  606
 6512000.00 .517064000 6514000.00 .515324900 6516000.00 .513585800 825 3  2  607
 6516461.00 .513184937 6518000.00 .511846700 6520000.00 .510107600 825 3  2  608
 6522000.00 .508737420 6524000.00 .507367240 6525000.00 .506682150 825 3  2  609
 6526000.00 .505997060 6528000.00 .504626880 6530000.00 .503256700 825 3  2  610
 6532000.00 .503152200 6534000.00 .503047700 6536000.00 .502943200 825 3  2  611
 6538000.00 .502838700 6540000.00 .502734200 6542000.00 .504512160 825 3  2  612
 6544000.00 .506290120 6546000.00 .508068080 6548000.00 .509846040 825 3  2  613
 6550000.00 .511624000 6552000.00 .516025180 6554000.00 .520426360 825 3  2  614
 6556000.00 .524827540 6558000.00 .529228720 6560000.00 .533629900 825 3  2  615
 6562000.00 .540935680 6564000.00 .548241460 6566000.00 .555547240 825 3  2  616
 6568000.00 .562853020 6570000.00 .570158800 6572000.00 .578472840 825 3  2  617
 6574000.00 .586786880 6575000.00 .590943900 6576000.00 .595100920 825 3  2  618
 6578000.00 .603414960 6580000.00 .611729000 6582000.00 .618948620 825 3  2  619
 6584000.00 .626168240 6586000.00 .633387860 6588000.00 .640607480 825 3  2  620
 6590000.00 .647827100 6592000.00 .656465940 6594000.00 .665104780 825 3  2  621
 6596000.00 .673743620 6598000.00 .682382460 6600000.00 .691021300 825 3  2  622
 6602000.00 .698893280 6604000.00 .706765260 6606000.00 .714637240 825 3  2  623
 6608000.00 .722509220 6610000.00 .730381200 6612000.00 .736400140 825 3  2  624
 6614000.00 .742419080 6616000.00 .748438020 6618000.00 .754456960 825 3  2  625
 6620000.00 .760475900 6622000.00 .764785320 6624000.00 .769094740 825 3  2  626
 6625000.00 .771249450 6626000.00 .773404160 6628000.00 .777713580 825 3  2  627
 6630000.00 .782023000 6632000.00 .784961120 6634000.00 .787899240 825 3  2  628
 6636000.00 .790837360 6638000.00 .793775480 6640000.00 .796713600 825 3  2  629
 6642000.00 .799600760 6644000.00 .802487920 6646000.00 .805375080 825 3  2  630
 6648000.00 .808262240 6650000.00 .811149400 6651000.00 .814230600 825 3  2  631
 6652000.00 .817534200 6653000.00 .820901000 6654000.00 .824339600 825 3  2  632
 6655000.00 .827879600 6656000.00 .831544900 6657000.00 .835363300 825 3  2  633
 6658000.00 .839341300 6659000.00 .843489500 6660000.00 .847828100 825 3  2  634
 6661000.00 .852364800 6662000.00 .857080500 6663000.00 .861988100 825 3  2  635
 6664000.00 .867008200 6665000.00 .872031200 6666000.00 .876925900 825 3  2  636
 6667000.00 .881422200 6668000.00 .885217900 6669000.00 .887909300 825 3  2  637
 6670000.00 .889067600 6671000.00 .888399700 6672000.00 .885770100 825 3  2  638
 6673000.00 .881268800 6674000.00 .875279500 6675000.00 .868348900 825 3  2  639
 6676000.00 .861096100 6677000.00 .853992400 6678000.00 .847411400 825 3  2  640
 6679000.00 .841528300 6680000.00 .836433800 6681000.00 .832098400 825 3  2  641
 6682000.00 .828448800 6683000.00 .825406500 6684000.00 .822880900 825 3  2  642
 6685000.00 .820784300 6686000.00 .819049800 6687000.00 .817611800 825 3  2  643
 6688000.00 .816409300 6689000.00 .815405900 6690000.00 .814553300 825 3  2  644
 6691000.00 .813836600 6692000.00 .813215600 6693000.00 .812681300 825 3  2  645
 6694000.00 .812212600 6695000.00 .811797400 6696000.00 .811482920 825 3  2  646
 6698000.00 .810853960 6700000.00 .810225000 6710000.00 .804482100 825 3  2  647
 6720000.00 .807595400 6725000.00 .811056050 6730000.00 .814516700 825 3  2  648
 6740000.00 .823434500 6750000.00 .834503100 6760000.00 .850356700 825 3  2  649
 6770000.00 .874350000 6775000.00 .893923600 6780000.00 .913497200 825 3  2  650
 6790000.00 .980729700 6800000.00 1.09832000 6810000.00 1.27974000 825 3  2  651
 6820000.00 1.34348700 6825000.00 1.21722000 6830000.00 1.09095300 825 3  2  652
 6840000.00 .859473400 6850000.00 .762253700 6860000.00 .716789600 825 3  2  653
 6870000.00 .689237400 6875000.00 .678623600 6880000.00 .668009800 825 3  2  654
 6890000.00 .657748700 6900000.00 .655388500 6910000.00 .655029000 825 3  2  655
 6920000.00 .657911600 6925000.00 .658815850 6930000.00 .659720100 825 3  2  656
 6940000.00 .658643300 6950000.00 .658099800 6960000.00 .659902800 825 3  2  657
 6970000.00 .665157000 6975000.00 .669733700 6980000.00 .674310400 825 3  2  658
 6990000.00 .685694600 7000000.00 .699176000 7010000.00 .716299400 825 3  2  659
 7020000.00 .730453500 7025000.00 .738118600 7030000.00 .745783700 825 3  2  660
 7040000.00 .764522000 7050000.00 .779222400 7060000.00 .787185300 825 3  2  661
 7070000.00 .777855400 7075000.00 .769988550 7080000.00 .762121700 825 3  2  662
 7090000.00 .748120400 7100000.00 .735164500 7105000.00 .730357900 825 3  2  663
 7110000.00 .726505900 7115000.00 .723519300 7120000.00 .722135500 825 3  2  664
 7125000.00 .718053500 7130000.00 .703150900 7135000.00 .687263500 825 3  2  665
 7140000.00 .672662800 7145000.00 .660900500 7150000.00 .651445100 825 3  2  666
 7155000.00 .643116100 7160000.00 .640642300 7165000.00 .648019000 825 3  2  667
 7170000.00 .667584300 7175000.00 .702172900 7180000.00 .764646700 825 3  2  668
 7185000.00 .854155500 7190000.00 .959470900 7195000.00 1.08767100 825 3  2  669
 7200000.00 1.18503500 7205000.00 1.17678500 7210000.00 1.13098900 825 3  2  670
 7215000.00 1.08278700 7220000.00 1.03346600 7225000.00 .994742100 825 3  2  671
 7230000.00 .957514300 7235000.00 .922244200 7240000.00 .890669500 825 3  2  672
 7245000.00 .865131800 7250000.00 .847582500 7260000.00 .844200100 825 3  2  673
 7270000.00 .852640100 7275000.00 .852384900 7280000.00 .852129700 825 3  2  674
 7290000.00 .847713300 7300000.00 .854310200 7310000.00 .833540000 825 3  2  675
 7320000.00 .909690400 7325000.00 .928750850 7330000.00 .947811300 825 3  2  676
 7340000.00 .918562000 7350000.00 .882949400 7353304.00 .868873964 825 3  2  677
 7360000.00 .840348200 7370000.00 .732222200 7375000.00 .794779050 825 3  2  678
 7380000.00 .857335900 7390000.00 .840573100 7400000.00 .823688200 825 3  2  679
 7410000.00 .808481000 7420000.00 .795699300 7425000.00 .789789750 825 3  2  680
 7430000.00 .783880200 7440000.00 .771509000 7450000.00 .760201300 825 3  2  681
 7460000.00 .749720100 7470000.00 .740535200 7475000.00 .736792700 825 3  2  682
 7480000.00 .733050200 7490000.00 .725463000 7500000.00 .721865500 825 3  2  683
 7510000.00 .736520600 7520000.00 .749051200 7525000.00 .750754500 825 3  2  684
 7530000.00 .752457800 7540000.00 .754762400 7550000.00 .754718800 825 3  2  685
 7560000.00 .754937200 7565597.00 .751353665 7570000.00 .748534600 825 3  2  686
 7575000.00 .743567550 7580000.00 .738600500 7590000.00 .732830900 825 3  2  687
 7600000.00 .732169400 7610000.00 .740115700 7613591.00 .744580534 825 3  2  688
 7620000.00 .752549100 7625000.00 .759329250 7630000.00 .766109400 825 3  2  689
 7640000.00 .779148400 7650000.00 .791899300 7660000.00 .804416300 825 3  2  690
 7670000.00 .817050800 7675000.00 .823238550 7680000.00 .829426300 825 3  2  691
 7690000.00 .841632500 7700000.00 .854499700 7710000.00 .867659900 825 3  2  692
 7720000.00 .880692300 7725000.00 .885750350 7730000.00 .890808400 825 3  2  693
 7740000.00 .898264900 7750000.00 .904901100 7760000.00 .910151000 825 3  2  694
 7770000.00 .914062100 7775000.00 .915011500 7780000.00 .915960900 825 3  2  695
 7790000.00 .916600200 7800000.00 .917965600 7810000.00 .921213200 825 3  2  696
 7820000.00 .925852100 7825000.00 .929508650 7830000.00 .933165200 825 3  2  697
 7840000.00 .942929900 7850000.00 .954265100 7860000.00 .960960400 825 3  2  698
 7870000.00 .955301400 7875000.00 .942699000 7880000.00 .930096600 825 3  2  699
 7890000.00 .892387000 7900000.00 .849508600 7910000.00 .811480600 825 3  2  700
 7920000.00 .771196700 7925000.00 .749160650 7930000.00 .727124600 825 3  2  701
 7940000.00 .681052100 7950000.00 .635169700 7960000.00 .595443900 825 3  2  702
 7970000.00 .564880500 7975000.00 .552993900 7980000.00 .541107300 825 3  2  703
 7990000.00 .524647800 8000000.00 .516136800 8010000.00 .516323300 825 3  2  704
 8020000.00 .522505100 8025000.00 .527429550 8030000.00 .532354000 825 3  2  705
 8040000.00 .544859100 8050000.00 .560901000 8060000.00 .579503800 825 3  2  706
 8070000.00 .600195900 8075000.00 .610315250 8080000.00 .620434600 825 3  2  707
 8090000.00 .640099000 8100000.00 .659661100 8110000.00 .681187600 825 3  2  708
 8120000.00 .703335900 8125000.00 .714209500 8130000.00 .725083100 825 3  2  709
 8140000.00 .745524500 8150000.00 .763855000 8160000.00 .776755200 825 3  2  710
 8170000.00 .786813500 8175000.00 .790936000 8180000.00 .795058500 825 3  2  711
 8190000.00 .801950600 8200000.00 .807659800 8210000.00 .814462500 825 3  2  712
 8220000.00 .820323800 8225000.00 .822754650 8230000.00 .825185500 825 3  2  713
 8240000.00 .828022200 8250000.00 .827185100 8260000.00 .822794800 825 3  2  714
 8270000.00 .815593900 8275000.00 .811131250 8280000.00 .806668600 825 3  2  715
 8290000.00 .796319600 8300000.00 .784545900 8310000.00 .771725100 825 3  2  716
 8320000.00 .756250600 8325000.00 .747491900 8330000.00 .738733200 825 3  2  717
 8340000.00 .720205600 8350000.00 .701902100 8360000.00 .684109500 825 3  2  718
 8370000.00 .666399900 8375000.00 .658551600 8380000.00 .650703300 825 3  2  719
 8390000.00 .638545500 8400000.00 .628732900 8410000.00 .623241300 825 3  2  720
 8420000.00 .618634200 8425000.00 .616044050 8430000.00 .613453900 825 3  2  721
 8440000.00 .607829600 8450000.00 .602091200 8460000.00 .595114100 825 3  2  722
 8470000.00 .587877000 8475000.00 .584133600 8480000.00 .580390200 825 3  2  723
 8490000.00 .572789700 8500000.00 .566130700 8510000.00 .560151300 825 3  2  724
 8520000.00 .556780500 8525000.00 .555645450 8530000.00 .554510400 825 3  2  725
 8540000.00 .553148400 8550000.00 .553394700 8560000.00 .554451000 825 3  2  726
 8570000.00 .557251400 8575000.00 .559466250 8580000.00 .561681100 825 3  2  727
 8590000.00 .568199600 8600000.00 .577600800 8610000.00 .590851400 825 3  2  728
 8620000.00 .606237900 8625000.00 .614894300 8630000.00 .623550700 825 3  2  729
 8640000.00 .642305600 8650000.00 .662361800 8660000.00 .684680300 825 3  2  730
 8670000.00 .708130900 8675000.00 .720507850 8680000.00 .732884800 825 3  2  731
 8690000.00 .758516300 8700000.00 .784288600 8710000.00 .808864000 825 3  2  732
 8720000.00 .830792500 8725000.00 .839822750 8730000.00 .848853000 825 3  2  733
 8740000.00 .862445000 8745000.00 .867056250 8750000.00 .871667500 825 3  2  734
 8760000.00 .875640000 8770000.00 .874446600 8775000.00 .870646300 825 3  2  735
 8780000.00 .866846000 8790000.00 .853862100 8800000.00 .837776600 825 3  2  736
 8810000.00 .819519600 8820000.00 .801834700 8825000.00 .793556650 825 3  2  737
 8830000.00 .785278600 8840000.00 .769816700 8850000.00 .754674200 825 3  2  738
 8860000.00 .739575600 8870000.00 .723291500 8875000.00 .714896500 825 3  2  739
 8880000.00 .706501500 8890000.00 .688474700 8900000.00 .671238500 825 3  2  740
 8910000.00 .656249000 8920000.00 .649139500 8925000.00 .649787000 825 3  2  741
 8930000.00 .650434500 8940000.00 .652198500 8950000.00 .654591200 825 3  2  742
 8960000.00 .679660300 8970000.00 .681319700 8975000.00 .681464250 825 3  2  743
 8980000.00 .681608800 8990000.00 .689918500 9000000.00 .707063200 825 3  2  744
 9020000.00 .737785300 9025000.00 .754618200 9040000.00 .819923700 825 3  2  745
 9050000.00 .848393400 9060000.00 .816763800 9075000.00 .769236200 825 3  2  746
 9080000.00 .754263400 9100000.00 .737851300 9120000.00 .717254100 825 3  2  747
 9125000.00 .711980200 9136000.00 .695695700 9140000.00 .690095300 825 3  2  748
 9150000.00 .676975200 9160000.00 .664075900 9175000.00 .645648200 825 3  2  749
 9180000.00 .639098100 9200000.00 .616590700 9225000.00 .602184200 825 3  2  750
 9248000.00 .600399800 9250000.00 .600485300 9275000.00 .605445300 825 3  2  751
 9300000.00 .619225300 9325000.00 .651335300 9350000.00 .685675800 825 3  2  752
 9375000.00 .713595300 9400000.00 .720045300 9425000.00 .694725200 825 3  2  753
 9431000.00 .691115500 9431376.00 .691021406 9431400.00 .691015400 825 3  2  754
 9431500.00 .691005400 9450000.00 .689485400 9470000.00 .687525400 825 3  2  755
 9475000.00 .687025400 9500000.00 .684805400 9508000.00 .684015400 825 3  2  756
 9525000.00 .682225400 9550000.00 .684065400 9575000.00 .686145400 825 3  2  757
 9600000.00 .691315400 9625000.00 .706025400 9650000.00 .712645400 825 3  2  758
 9675000.00 .721605500 9676000.00 .721855400 9700000.00 .729155500 825 3  2  759
 9720000.00 .733585500 9725000.00 .734085500 9740000.00 .733775500 825 3  2  760
 9750000.00 .732945500 9760000.00 .732075500 9775000.00 .729525500 825 3  2  761
 9780000.00 .733285500 9800000.00 .742785600 9825000.00 .744125500 825 3  2  762
 9850000.00 .728515200 9875000.00 .711115500 9900000.00 .706615500 825 3  2  763
 9925000.00 .707425600 9950000.00 .713855500 9975000.00 .730685600 825 3  2  764
 10000000.0 .739925600 10050000.0 .753835600 10100000.0 .787385600 825 3  2  765