9.5013
9.01756
8.5479
8.09221
7.65037
7.22228
6.80782
6.40686
6.01931
5.64504
5.28395
4.93591
4.60081
4.27855
3.969
3.67205
3.38759
3.1155
2.85567
2.60799
2.37235
2.14861
1.93669
1.73645
1.54779
1.37059
1.20474
1.05013
0.906631
0.774142
0.652545
0.541727
0.441573
0.35197
0.272803
0.203959
0.145324
0.0967835
0.0582238
0.029531
0.0105911
0.00129008
0.00151406
0.0111491
0.0300812
0.0581964
0.0953808
0.14152
0.196501
0.260209
0.332531
0.413352
0.502558
0.600036
0.705672
0.819351
0.940959
1.07038
1.20751
1.35222
1.50441
1.66396
1.83075
2.00468
2.18562
2.37347
2.56811
2.76942
2.9773
3.19162
3.41228
3.63916
3.87214
4.11112
4.35598
4.6066
4.86287
5.12468
5.39191
5.66445
5.94218
6.22499
6.51278
6.80541
7.10278
7.40478
7.71129
8.0222
8.33739
8.65675
8.98016
9.30752
9.6387
9.9736
10.3121
10.6541
10.9994
11.348
11.6998
12.0546
