70.0433
63.7031
57.7591
52.1964
47.0005
42.1572
37.6525
33.4729
29.6049
26.0358
22.7528
19.7436
16.9962
14.4989
12.2403
10.2094
8.39539
6.78785
5.3767
4.15213
3.10467
2.22518
1.50481
0.935044
0.507678
0.214827
0.0489242
0.00272008
0.0692823
0.241996
0.514565
0.881009
1.33567
1.87319
2.48856
3.17706
3.93431
4.75622
5.63904
6.57934
7.57399
8.62018
9.71543
10.8576
12.0448
13.2755
14.5485
15.8628
17.218
18.6138
20.0501
21.5275
23.0465
24.6081
26.2138
27.8651
29.564
31.3128
33.1141
34.9707
36.886
38.8634
40.9069
43.0205
45.2089
47.4768
49.8294
52.2721
54.8106
57.4512
60.2002
63.0642
66.0504
69.1661
72.419
75.8171
79.3686
83.0823
86.967
91.0321
